0.8052054105332896
0.727113207920137
0.7262215318954214
0.7585788348900141
0.7600929646381799
0.7414089362882691
0.7402867727090726
0.7530091155716738
0.7536324318805488
0.7440182039659977
0.7436640970883269
0.7513191210331577
0.7514461557261679
0.745073941523614
0.7450908034268485
0.7505368400812062
0.7503955523961958
0.7456214232056477
0.7458516339025779
0.7501067361259144
0.7497959638902034
0.7459383455297164
0.7463129481279698
0.7498526663444712
0.7494172712058716
0.7461273917379058
0.7466158863406261
0.7497038695129192
0.7491621898504994
0.7462327540435587
0.7468253393244285
0.749629400946547
0.7489833138959546
0.7462731185963511
0.7469747444246906
0.7496180090859139
0.7488553542003175
0.7462520669766248
0.747082630896654
0.7496726041257697
0.7487641688189597
0.7461590982117423
0.7471596813550062
0.74981303521448
0.7487018917208499
0.7459620072277935
0.7472123269666343
0.750091093943508
0.7486642478776765
0.7455800312201317
0.7472463317470412
0.7506414418200478
0.7486462692419331
0.7447872292867734
0.7472807735275956
0.751891067444959
0.748613393683395
0.7427343932205429
0.7474787029433155
0.7559460905121037
0.7480468766183439
0.7330459268995947
0.7524654629544695
0.809500895467627
1.0911316339571104
0.8095008868447721
0.7524654479153777
0.7330459278995035
0.748046893778456
0.7559460948541581
0.7474786991304315
0.742734408109184
0.748613419950334
0.7518910787440259
0.7472807779029897
0.7447872534139567
0.7486463049292416
0.7506414617883083
0.7472463468816337
0.7455800682132109
0.7486642949633914
0.7500911224469565
0.7472123505747585
0.745962054564165
0.7487019479601361
0.749813071203527
0.7471597135827471
0.7461591546734556
0.7487642348688456
0.7496726494109978
0.7470826726009093
0.7462521337459824
0.7488554283252467
0.7496180629866299
0.7469747940202376
0.7462731948354794
0.7489833969164849
0.7496294611565293
0.7468253973523816
0.7462328394672999
0.7491622814471188
0.7497039369308233
0.746615952033235
0.7461274876664885
0.7494173721556638
0.7498527394511638
0.746313020744708
0.7459384526471204
0.7497960753190737
0.7501068145655065
0.7458517130066729
0.7456215423836302
0.7503956743766759
0.750536922504045
0.7450908872758223
0.7450740733836672
0.7514462878386232
0.75131920385866
0.7436641842882518
0.7440183482365983
0.7536325729817818
0.753009196320508
0.7402868603058044
0.7414090937455685
0.7600931136121997
0.7585789076538624
0.726221611530292
0.7271133817738554
0.8052055902103609
