# [-1.076826736424263, 0.057787465165711545]
0.8076163397440165
0.7294946909381346
0.7273417331019779
0.7594862099650243
0.7620663600852428
0.7436034815016391
0.7415081860492242
0.7540020417682916
0.7555375458853956
0.7461576912783057
0.7449325155784983
0.7523452779773339
0.7533136898959731
0.7471926390563574
0.7463888324597986
0.7515727964006118
0.7522378237346459
0.7477382342703048
0.7471707149270045
0.7511365103588906
0.7516194751251797
0.7480680131197983
0.7476481628798356
0.7508619472808601
0.7512257880747604
0.7482844717062821
0.7479642931183426
0.7506771013597658
0.7509578152750451
0.7484342262853418
0.7481853253110874
0.7505471630042283
0.7507668763411212
0.748541321703575
0.7483457972185641
0.7504534143916791
0.7506264643490885
0.7486192927725344
0.748465327689081
0.7503850033356035
0.7505210389760555
0.748676246935091
0.7485557846756956
0.7503352957670997
0.7504409760490153
0.7487172457670427
0.7486246908282104
0.7503001018112693
0.7503800803036978
0.7487455293702735
0.7486769711980906
0.7502767370611106
0.750334249615349
0.7487631589604218
0.7487159127332108
0.7502635224798369
0.7503007474552369
0.748771388420201
0.7487437033015003
0.7502594845408014
0.7502777711314651
0.7487708689126031
0.7487617539479487
0.750264214041375
0.7502642075144579
0.7487617495389297
0.7487708844577575
0.7502777878918995
0.7502594887248428
0.7487437090929336
0.7487714143915548
0.7503007741730676
0.7502635372731002
0.7487159306857801
0.7487631954659533
0.7503342877243823
0.7502767630398967
0.7486769991119743
0.7487455767105035
0.7503801282949744
0.7503001350887432
0.7486247268785402
0.748717302971898
0.7504410335935976
0.750335336689741
0.748555828168975
0.7486763102842383
0.7505211018206842
0.7503850500359662
0.748465377730042
0.7486193636943282
0.7506265341750584
0.7504534674449226
0.7483458533588359
0.7485413978779478
0.7507669515616863
0.750547219709347
0.748185385873176
0.7484343076237073
0.7509578949072497
0.7506771611849269
0.7479643573587825
0.7482845578029033
0.751225871103141
0.7508620095230857
0.7476482303323801
0.748068104140739
0.7516195625530545
0.7511365738098068
0.7471707843851334
0.7477383313218373
0.7522379164308935
0.7515728604933982
0.7463889029580086
0.7471927428267935
0.7533137878102407
0.752345340633769
0.7449325859462482
0.7461578020893194
0.7555376495989439
0.7540021014879205
0.7415082544285292
0.7436036009466298
0.7620664703904231
0.7594862632729964
0.7273417952139343
0.729494823481561
0.8076164752932034
